index,category,command_kor,command_eng,gt_raw,connected_devices,gt,row_no,profile,genome_id,genome_seed,run_id,candidate_count,candidates,candidate_metadata,prompt_log_paths,generation_status,generation_total_pipeline_sec,llm_mode,llm_model,prompt_render_mode,prompt_assets_dir,service_list_snippet_source,service_list_device_count,service_list_retrieval_status,service_list_retrieval_mode,service_list_retrieval_topk,service_list_retrieval_device,service_list_retrieval_categories,service_list_retrieval_scores,service_list_retrieval_fallback_reason,generation_call_count,generation_error_count,generation_error_type,generation_error_types,generation_oom_flag,generation_prompt_chars_total,generation_prompt_tokens_total,generation_completion_tokens_total,generation_total_tokens_total,generation_llm_latency_sec,generation_peak_vram_gb
1,3,녹음기가 녹음중이면 녹음을 중지하고 test.mp3로 저장해줘. 녹음중이 아니면 녹음을 시작해줘.,"If the audio recorder is recording, stop recording and save as test.mp3; otherwise, start recording.","{""name"": """", 
""cron"": """", 
""period"": 0, 
""script"": ""\nif ((#AudioRecorder).RecorderStatus == \""recording\"") {\n\n    (#AudioRecorder).RecordStop(\""test.mp3\"")\n\n} else {\n\n    (#AudioRecorder).RecordStart()\n\n}""}",,"{""name"": """", 
""cron"": """", 
""period"": 0, 
""script"": ""\nif ((#AudioRecorder).recorderstatus == \""recording\"") {\n\n    (#AudioRecorder).audiorecorder_recordstop(\""test.mp3\"")\n\n} else {\n\n    (#AudioRecorder).audiorecorder_recordstart()\n\n}""}",61,version0_15,gen-378892e9-ecc3-87ab-8b45-85023a0286cc,626297831,ga_validation_Qwen_Qwen2.5-Coder-14B-Instruct_gen-378892e9-ecc3-87ab-8b45-85023a0286cc_507846,1,"[""""]","[{""candidate_index"": 0, ""strategy"": ""minimal"", ""prompt_chars"": 359212, ""error"": ""persistent worker stdin pipe broke; stderr_tail=Traceback (most recent call last):\n  File \""/root/llm/JOILang-Server/gpt_mg/version0_15_update20260413/utils/persistent_qwen_worker.py\"", line 21, in <module>\n    from transformers.cache_utils import DynamicCache\n  File \""/usr/local/lib/python3.10/dist-packages/transformers/__init__.py\"", line 26, in <module>\n    from . import dependency_versions_check\n  File \""/usr/local/lib/python3.10/dist-packages/transformers/dependency_versions_check.py\"", line 17, in <module>\n    from .utils.versions import require_version, require_version_core\n  File \""/usr/local/lib/python3.10/dist-packages/transformers/utils/__init__.py\"", line 30, in <module>\n    from .generic import (\n  File \""/usr/local/lib/python3.10/dist-packages/transformers/utils/generic.py\"", line 29, in <module>\n    from .import_utils import is_flax_available, is_tf_available, is_torch_available, is_torch_fx_proxy\n  File \""/usr/local/lib/python3.10/dist-packages/transformers/utils/import_utils.py\"", line 33, in <module>\n    from . import logging\n  File \""/usr/local/lib/python3.10/dist-packages/transformers/utils/logging.py\"", line 35, in <module>\n    import huggingface_hub.utils as hf_hub_utils\n  File \""/usr/local/lib/python3.10/dist-packages/huggingface_hub/utils/__init__.py\"", line 32, in <module>\n    from ._errors import (\n  File \""/usr/local/lib/python3.10/dist-packages/huggingface_hub/utils/_errors.py\"", line 3, in <module>\n    from requests import HTTPError, Response\n  File \""/usr/lib/python3/dist-packages/requests/__init__.py\"", line 43, in <module>\n    import urllib3\nModuleNotFoundError: No module named 'urllib3'"", ""error_type"": ""worker_crash"", ""oom_flag"": false, ""block_manifest"": [{""id"": ""01"", ""path"": ""/root/llm/JOILang-Server/gpt_mg/version0_15_update20260413/blocks/01_preamble.txt"", ""metadata"": {""id"": ""01"", ""role"": ""preprocessor"", ""params"": ""temperature, micro_rules"", ""description"": ""Global deterministic JOILang generation rules and schema-faithful behavior."", ""placeholders"": ""{command_eng}, {connected_devices}, {service_list_snippet}, {optional_cron}, {optional_period}""}}, {""id"": ""02"", ""path"": ""/root/llm/JOILang-Server/gpt_mg/version0_15_update20260413/blocks/02_generator_prompt.txt"", ""metadata"": {""id"": ""02"", ""role"": ""generator"", ""params"": ""temperature, few_shot_count, max_tokens, micro_rules"", ""description"": ""Main JOILang generator block with deterministic JSON-only output and schema-grounded exemplars."", ""placeholders"": ""{command_eng}, {connected_devices}, {service_list_snippet}, {optional_cron}, {optional_period}, {candidate_strategy}""}}, {""id"": ""05"", ""path"": ""/root/llm/JOILang-Server/gpt_mg/version0_15_update20260413/blocks/05_repair_prompt.txt"", ""metadata"": {""id"": ""05"", ""role"": ""repair"", ""params"": ""temperature, few_shot_count, max_tokens, micro_rules"", ""description"": ""Targeted repair prompt that fixes schema mismatch, arg typing, and semantic drift with minimal edits."", ""placeholders"": ""{command_eng}, {connected_devices}, {service_list_snippet}, {optional_cron}, {optional_period}, {best_candidate}, {det_diagnostics}, {failure_summary}""}}, {""id"": ""06"", ""path"": ""/root/llm/JOILang-Server/gpt_mg/version0_15_update20260413/blocks/06_det_helper.txt"", ""metadata"": {""id"": ""06"", ""role"": ""helper"", ""params"": ""micro_rules"", ""description"": ""Diagnostic helper block enumerating the evaluator targets so the generator avoids common failures."", ""placeholders"": ""{command_eng}, {connected_devices}, {service_list_snippet}, {optional_cron}, {optional_period}""}}]}]","[""/root/llm/JOILang-Server/gpt_mg/version0_15_update20260413/logs/ga_validation_Qwen_Qwen2.5-Coder-14B-Instruct_gen-378892e9-ecc3-87ab-8b45-85023a0286cc_507846/row_061_cand_1.json""]",partial_error,2.4665,worker,Qwen/Qwen2.5-Coder-14B-Instruct,blocks,,service_schema_fallback,50,disabled,hybrid,10,cpu,[],[],,1,1,worker_crash,"[""worker_crash""]",False,359212,0,0,0,0.0,0.0
1,4,접촉 센서가 감지되면 조명을 켜줘.,"When the contact sensor is detected, turn on the light.","{""name"": """", 
""cron"": """", 
""period"": 0, 
""script"": ""\nwait until ((#ContactSensor).Contact == true)\n\n(#Light).On()""}",,"{""name"": """", 
""cron"": """", 
""period"": 0, 
""script"": ""\nwait until ((#ContactSensor).contactsensor_contact == true)\n\n(#Light).switch_on()""}",91,version0_15,gen-378892e9-ecc3-87ab-8b45-85023a0286cc,626297831,ga_validation_Qwen_Qwen2.5-Coder-14B-Instruct_gen-378892e9-ecc3-87ab-8b45-85023a0286cc_507846,1,"[""""]","[{""candidate_index"": 0, ""strategy"": ""minimal"", ""prompt_chars"": 359052, ""error"": ""persistent worker stdin pipe broke; stderr_tail=Traceback (most recent call last):\n  File \""/root/llm/JOILang-Server/gpt_mg/version0_15_update20260413/utils/persistent_qwen_worker.py\"", line 21, in <module>\n    from transformers.cache_utils import DynamicCache\n  File \""/usr/local/lib/python3.10/dist-packages/transformers/__init__.py\"", line 26, in <module>\n    from . import dependency_versions_check\n  File \""/usr/local/lib/python3.10/dist-packages/transformers/dependency_versions_check.py\"", line 17, in <module>\n    from .utils.versions import require_version, require_version_core\n  File \""/usr/local/lib/python3.10/dist-packages/transformers/utils/__init__.py\"", line 30, in <module>\n    from .generic import (\n  File \""/usr/local/lib/python3.10/dist-packages/transformers/utils/generic.py\"", line 29, in <module>\n    from .import_utils import is_flax_available, is_tf_available, is_torch_available, is_torch_fx_proxy\n  File \""/usr/local/lib/python3.10/dist-packages/transformers/utils/import_utils.py\"", line 33, in <module>\n    from . import logging\n  File \""/usr/local/lib/python3.10/dist-packages/transformers/utils/logging.py\"", line 35, in <module>\n    import huggingface_hub.utils as hf_hub_utils\n  File \""/usr/local/lib/python3.10/dist-packages/huggingface_hub/utils/__init__.py\"", line 32, in <module>\n    from ._errors import (\n  File \""/usr/local/lib/python3.10/dist-packages/huggingface_hub/utils/_errors.py\"", line 3, in <module>\n    from requests import HTTPError, Response\n  File \""/usr/lib/python3/dist-packages/requests/__init__.py\"", line 43, in <module>\n    import urllib3\nModuleNotFoundError: No module named 'urllib3'"", ""error_type"": ""worker_crash"", ""oom_flag"": false, ""block_manifest"": [{""id"": ""01"", ""path"": ""/root/llm/JOILang-Server/gpt_mg/version0_15_update20260413/blocks/01_preamble.txt"", ""metadata"": {""id"": ""01"", ""role"": ""preprocessor"", ""params"": ""temperature, micro_rules"", ""description"": ""Global deterministic JOILang generation rules and schema-faithful behavior."", ""placeholders"": ""{command_eng}, {connected_devices}, {service_list_snippet}, {optional_cron}, {optional_period}""}}, {""id"": ""02"", ""path"": ""/root/llm/JOILang-Server/gpt_mg/version0_15_update20260413/blocks/02_generator_prompt.txt"", ""metadata"": {""id"": ""02"", ""role"": ""generator"", ""params"": ""temperature, few_shot_count, max_tokens, micro_rules"", ""description"": ""Main JOILang generator block with deterministic JSON-only output and schema-grounded exemplars."", ""placeholders"": ""{command_eng}, {connected_devices}, {service_list_snippet}, {optional_cron}, {optional_period}, {candidate_strategy}""}}, {""id"": ""05"", ""path"": ""/root/llm/JOILang-Server/gpt_mg/version0_15_update20260413/blocks/05_repair_prompt.txt"", ""metadata"": {""id"": ""05"", ""role"": ""repair"", ""params"": ""temperature, few_shot_count, max_tokens, micro_rules"", ""description"": ""Targeted repair prompt that fixes schema mismatch, arg typing, and semantic drift with minimal edits."", ""placeholders"": ""{command_eng}, {connected_devices}, {service_list_snippet}, {optional_cron}, {optional_period}, {best_candidate}, {det_diagnostics}, {failure_summary}""}}, {""id"": ""06"", ""path"": ""/root/llm/JOILang-Server/gpt_mg/version0_15_update20260413/blocks/06_det_helper.txt"", ""metadata"": {""id"": ""06"", ""role"": ""helper"", ""params"": ""micro_rules"", ""description"": ""Diagnostic helper block enumerating the evaluator targets so the generator avoids common failures."", ""placeholders"": ""{command_eng}, {connected_devices}, {service_list_snippet}, {optional_cron}, {optional_period}""}}]}]","[""/root/llm/JOILang-Server/gpt_mg/version0_15_update20260413/logs/ga_validation_Qwen_Qwen2.5-Coder-14B-Instruct_gen-378892e9-ecc3-87ab-8b45-85023a0286cc_507846/row_091_cand_1.json""]",partial_error,2.5325,worker,Qwen/Qwen2.5-Coder-14B-Instruct,blocks,,service_schema_fallback,50,disabled,hybrid,10,cpu,[],[],,1,1,worker_crash,"[""worker_crash""]",False,359052,0,0,0,0.0,0.0
1,5,TV 채널을 7번으로 바꾸고 1시간 뒤에 11번으로 바꿔줘.,Switch the TV to channel 7 and switch to channel 11 after 1 hour.,"{""name"": """", 
""cron"": """", 
""period"": 0, 
""script"": ""\n(#Television).SetChannel(7)\n\ndelay(1 HOUR)\n\n(#Television).SetChannel(11)""}",,"{""name"": """", 
""cron"": """", 
""period"": 0, 
""script"": ""\n(#Television).television_setchannel(7)\n\ndelay(1 HOUR)\n\n(#Television).television_setchannel(11)""}",121,version0_15,gen-378892e9-ecc3-87ab-8b45-85023a0286cc,626297831,ga_validation_Qwen_Qwen2.5-Coder-14B-Instruct_gen-378892e9-ecc3-87ab-8b45-85023a0286cc_507846,1,"[""""]","[{""candidate_index"": 0, ""strategy"": ""minimal"", ""prompt_chars"": 359100, ""error"": ""persistent worker stdin pipe broke; stderr_tail=Traceback (most recent call last):\n  File \""/root/llm/JOILang-Server/gpt_mg/version0_15_update20260413/utils/persistent_qwen_worker.py\"", line 21, in <module>\n    from transformers.cache_utils import DynamicCache\n  File \""/usr/local/lib/python3.10/dist-packages/transformers/__init__.py\"", line 26, in <module>\n    from . import dependency_versions_check\n  File \""/usr/local/lib/python3.10/dist-packages/transformers/dependency_versions_check.py\"", line 17, in <module>\n    from .utils.versions import require_version, require_version_core\n  File \""/usr/local/lib/python3.10/dist-packages/transformers/utils/__init__.py\"", line 30, in <module>\n    from .generic import (\n  File \""/usr/local/lib/python3.10/dist-packages/transformers/utils/generic.py\"", line 29, in <module>\n    from .import_utils import is_flax_available, is_tf_available, is_torch_available, is_torch_fx_proxy\n  File \""/usr/local/lib/python3.10/dist-packages/transformers/utils/import_utils.py\"", line 33, in <module>\n    from . import logging\n  File \""/usr/local/lib/python3.10/dist-packages/transformers/utils/logging.py\"", line 35, in <module>\n    import huggingface_hub.utils as hf_hub_utils\n  File \""/usr/local/lib/python3.10/dist-packages/huggingface_hub/utils/__init__.py\"", line 32, in <module>\n    from ._errors import (\n  File \""/usr/local/lib/python3.10/dist-packages/huggingface_hub/utils/_errors.py\"", line 3, in <module>\n    from requests import HTTPError, Response\n  File \""/usr/lib/python3/dist-packages/requests/__init__.py\"", line 43, in <module>\n    import urllib3\nModuleNotFoundError: No module named 'urllib3'"", ""error_type"": ""worker_crash"", ""oom_flag"": false, ""block_manifest"": [{""id"": ""01"", ""path"": ""/root/llm/JOILang-Server/gpt_mg/version0_15_update20260413/blocks/01_preamble.txt"", ""metadata"": {""id"": ""01"", ""role"": ""preprocessor"", ""params"": ""temperature, micro_rules"", ""description"": ""Global deterministic JOILang generation rules and schema-faithful behavior."", ""placeholders"": ""{command_eng}, {connected_devices}, {service_list_snippet}, {optional_cron}, {optional_period}""}}, {""id"": ""02"", ""path"": ""/root/llm/JOILang-Server/gpt_mg/version0_15_update20260413/blocks/02_generator_prompt.txt"", ""metadata"": {""id"": ""02"", ""role"": ""generator"", ""params"": ""temperature, few_shot_count, max_tokens, micro_rules"", ""description"": ""Main JOILang generator block with deterministic JSON-only output and schema-grounded exemplars."", ""placeholders"": ""{command_eng}, {connected_devices}, {service_list_snippet}, {optional_cron}, {optional_period}, {candidate_strategy}""}}, {""id"": ""05"", ""path"": ""/root/llm/JOILang-Server/gpt_mg/version0_15_update20260413/blocks/05_repair_prompt.txt"", ""metadata"": {""id"": ""05"", ""role"": ""repair"", ""params"": ""temperature, few_shot_count, max_tokens, micro_rules"", ""description"": ""Targeted repair prompt that fixes schema mismatch, arg typing, and semantic drift with minimal edits."", ""placeholders"": ""{command_eng}, {connected_devices}, {service_list_snippet}, {optional_cron}, {optional_period}, {best_candidate}, {det_diagnostics}, {failure_summary}""}}, {""id"": ""06"", ""path"": ""/root/llm/JOILang-Server/gpt_mg/version0_15_update20260413/blocks/06_det_helper.txt"", ""metadata"": {""id"": ""06"", ""role"": ""helper"", ""params"": ""micro_rules"", ""description"": ""Diagnostic helper block enumerating the evaluator targets so the generator avoids common failures."", ""placeholders"": ""{command_eng}, {connected_devices}, {service_list_snippet}, {optional_cron}, {optional_period}""}}]}]","[""/root/llm/JOILang-Server/gpt_mg/version0_15_update20260413/logs/ga_validation_Qwen_Qwen2.5-Coder-14B-Instruct_gen-378892e9-ecc3-87ab-8b45-85023a0286cc_507846/row_121_cand_1.json""]",partial_error,2.4742,worker,Qwen/Qwen2.5-Coder-14B-Instruct,blocks,,service_schema_fallback,50,disabled,hybrid,10,cpu,[],[],,1,1,worker_crash,"[""worker_crash""]",False,359100,0,0,0,0.0,0.0
1,6,"온도가 28도 이상이고 습도가 70% 이상이면, 에어컨을 냉방 모드로 설정하고 온도를 24도로 맞춰줘.","If the temperature is 28 degrees or higher and the humidity is 70% or higher, set the air conditioner to cool mode and 24 degrees.","{""name"": """", ""cron"": """", ""period"": 0, ""script"": ""\nif ((#TemperatureSensor).Temperature >= 28 and (#HumiditySensor).Humidity >= 70) {\n\n    (#AirConditioner).SetAirConditionerMode(\""cool\"")\n\n    (#AirConditioner).SetTargetTemperature(24)\n \n}""}",,"{""name"": """", ""cron"": """", ""period"": 0, ""script"": ""\nif ((#TemperatureSensor).temperaturesensor_temperature >= 28 and (#HumiditySensor).humiditysensor_humidity >= 70) {\n\n    (#AirConditioner).airconditioner_setairconditionermode(\""cool\"")\n\n    (#AirConditioner).airconditioner_settargettemperature(24)\n \n}""}",151,version0_15,gen-378892e9-ecc3-87ab-8b45-85023a0286cc,626297831,ga_validation_Qwen_Qwen2.5-Coder-14B-Instruct_gen-378892e9-ecc3-87ab-8b45-85023a0286cc_507846,1,"[""""]","[{""candidate_index"": 0, ""strategy"": ""minimal"", ""prompt_chars"": 359278, ""error"": ""persistent worker stdin pipe broke; stderr_tail=Traceback (most recent call last):\n  File \""/root/llm/JOILang-Server/gpt_mg/version0_15_update20260413/utils/persistent_qwen_worker.py\"", line 21, in <module>\n    from transformers.cache_utils import DynamicCache\n  File \""/usr/local/lib/python3.10/dist-packages/transformers/__init__.py\"", line 26, in <module>\n    from . import dependency_versions_check\n  File \""/usr/local/lib/python3.10/dist-packages/transformers/dependency_versions_check.py\"", line 17, in <module>\n    from .utils.versions import require_version, require_version_core\n  File \""/usr/local/lib/python3.10/dist-packages/transformers/utils/__init__.py\"", line 30, in <module>\n    from .generic import (\n  File \""/usr/local/lib/python3.10/dist-packages/transformers/utils/generic.py\"", line 29, in <module>\n    from .import_utils import is_flax_available, is_tf_available, is_torch_available, is_torch_fx_proxy\n  File \""/usr/local/lib/python3.10/dist-packages/transformers/utils/import_utils.py\"", line 33, in <module>\n    from . import logging\n  File \""/usr/local/lib/python3.10/dist-packages/transformers/utils/logging.py\"", line 35, in <module>\n    import huggingface_hub.utils as hf_hub_utils\n  File \""/usr/local/lib/python3.10/dist-packages/huggingface_hub/utils/__init__.py\"", line 32, in <module>\n    from ._errors import (\n  File \""/usr/local/lib/python3.10/dist-packages/huggingface_hub/utils/_errors.py\"", line 3, in <module>\n    from requests import HTTPError, Response\n  File \""/usr/lib/python3/dist-packages/requests/__init__.py\"", line 43, in <module>\n    import urllib3\nModuleNotFoundError: No module named 'urllib3'"", ""error_type"": ""worker_crash"", ""oom_flag"": false, ""block_manifest"": [{""id"": ""01"", ""path"": ""/root/llm/JOILang-Server/gpt_mg/version0_15_update20260413/blocks/01_preamble.txt"", ""metadata"": {""id"": ""01"", ""role"": ""preprocessor"", ""params"": ""temperature, micro_rules"", ""description"": ""Global deterministic JOILang generation rules and schema-faithful behavior."", ""placeholders"": ""{command_eng}, {connected_devices}, {service_list_snippet}, {optional_cron}, {optional_period}""}}, {""id"": ""02"", ""path"": ""/root/llm/JOILang-Server/gpt_mg/version0_15_update20260413/blocks/02_generator_prompt.txt"", ""metadata"": {""id"": ""02"", ""role"": ""generator"", ""params"": ""temperature, few_shot_count, max_tokens, micro_rules"", ""description"": ""Main JOILang generator block with deterministic JSON-only output and schema-grounded exemplars."", ""placeholders"": ""{command_eng}, {connected_devices}, {service_list_snippet}, {optional_cron}, {optional_period}, {candidate_strategy}""}}, {""id"": ""05"", ""path"": ""/root/llm/JOILang-Server/gpt_mg/version0_15_update20260413/blocks/05_repair_prompt.txt"", ""metadata"": {""id"": ""05"", ""role"": ""repair"", ""params"": ""temperature, few_shot_count, max_tokens, micro_rules"", ""description"": ""Targeted repair prompt that fixes schema mismatch, arg typing, and semantic drift with minimal edits."", ""placeholders"": ""{command_eng}, {connected_devices}, {service_list_snippet}, {optional_cron}, {optional_period}, {best_candidate}, {det_diagnostics}, {failure_summary}""}}, {""id"": ""06"", ""path"": ""/root/llm/JOILang-Server/gpt_mg/version0_15_update20260413/blocks/06_det_helper.txt"", ""metadata"": {""id"": ""06"", ""role"": ""helper"", ""params"": ""micro_rules"", ""description"": ""Diagnostic helper block enumerating the evaluator targets so the generator avoids common failures."", ""placeholders"": ""{command_eng}, {connected_devices}, {service_list_snippet}, {optional_cron}, {optional_period}""}}]}]","[""/root/llm/JOILang-Server/gpt_mg/version0_15_update20260413/logs/ga_validation_Qwen_Qwen2.5-Coder-14B-Instruct_gen-378892e9-ecc3-87ab-8b45-85023a0286cc_507846/row_151_cand_1.json""]",partial_error,2.4653,worker,Qwen/Qwen2.5-Coder-14B-Instruct,blocks,,service_schema_fallback,50,disabled,hybrid,10,cpu,[],[],,1,1,worker_crash,"[""worker_crash""]",False,359278,0,0,0,0.0,0.0
