index,category,command_kor,command_eng,gt_raw,connected_devices,gt,row_no,profile,genome_id,genome_seed,run_id,candidate_count,candidates,candidate_metadata,prompt_log_paths,generation_status,generation_total_pipeline_sec,llm_mode,llm_model,prompt_render_mode,prompt_assets_dir,service_list_snippet_source,service_list_device_count,service_list_retrieval_status,service_list_retrieval_mode,service_list_retrieval_topk,service_list_retrieval_device,service_list_retrieval_categories,service_list_retrieval_scores,service_list_retrieval_fallback_reason,generation_call_count,generation_error_count,generation_error_type,generation_error_types,generation_oom_flag,generation_prompt_chars_total,generation_prompt_tokens_total,generation_completion_tokens_total,generation_total_tokens_total,generation_llm_latency_sec,generation_peak_vram_gb
20,6,"욕실 습도가 85% 이상이고 욕실 문이 닫혀 있으면, 조명을 켜고 문을 열어줘.","If the bathroom humidity is 85% or higher and the bathroom door is closed, turn on the light and open the door.","{""name"": """", ""cron"": """", ""period"": 0, ""script"": ""\nif ((#Bathroom #HumiditySensor).Humidity >= 85 and (#Bathroom #Door).DoorState == \""closed\"") {\n\n    (#Bathroom #Light).On()\n\n    (#Bathroom #Door).Open()\n\n}""}","{'Bathroom_Hum': {'category': 'HumiditySensor', 'tags': ['Bathroom', 'HumiditySensor']}, 'Bathroom_Door': {'category': 'Door', 'tags': ['Bathroom', 'Door']}, 'Bathroom_Light': {'category': ['Light', 'Switch'], 'tags': ['Bathroom', 'Light', 'Switch']}}","{""name"": """", ""cron"": """", ""period"": 0, ""script"": ""\nif ((#Bathroom #HumiditySensor).humiditysensor_humidity >= 85 and (#Bathroom #Door).door_doorstate == \""closed\"") {\n\n    (#Bathroom #Light).switch_on()\n\n    (#Bathroom #Door).door_open()\n\n}""}",170,version0_15,gen-016ea579-8fd6-f65f-78f5-12caf55da9da,230828,ga_validation_Qwen_Qwen2.5-Coder-14B-Instruct_gen-016ea579-8fd6-f65f-78f5-12caf55da9da_500845,1,"[""{\""name\"":\""BathroomHumidityAndDoorCheck\"",\""cron\"":\""\"",\""period\"":0,\""code\"":\""if ((#Bathroom #HumiditySensor).humiditysensor_humidity >= 85 && (#Bathroom #Door).door_doorstate == \\\""closed\\\"") {\\n  (#Bathroom #Light).switch_on();\\n  (#Bathroom #Door).door_open();\\n}\""}""]","[{""candidate_index"": 0, ""strategy"": ""compact_json"", ""prompt_chars"": 54780, ""prompt_tokens"": 12814, ""completion_tokens"": 96, ""total_tokens"": 12910, ""latency_sec"": 5.7803, ""peak_vram_gb"": 31.352, ""load_sec"": 0.0, ""generate_sec"": 5.7427, ""prompt_prep_sec"": 0.0326, ""decode_sec"": 0.0004, ""worker_pid"": 3492120, ""error_type"": """", ""oom_flag"": false, ""block_manifest"": [{""id"": ""01"", ""path"": ""/root/llm/JOILang-Server/gpt_mg/version0_15_update20260413/blocks/01_preamble.txt"", ""metadata"": {""id"": ""01"", ""role"": ""preprocessor"", ""params"": ""temperature, micro_rules"", ""description"": ""Global deterministic JOILang generation rules and schema-faithful behavior."", ""placeholders"": ""{command_eng}, {connected_devices}, {service_list_snippet}, {optional_cron}, {optional_period}""}}, {""id"": ""02"", ""path"": ""/root/llm/JOILang-Server/gpt_mg/version0_15_update20260413/blocks/02_generator_prompt.txt"", ""metadata"": {""id"": ""02"", ""role"": ""generator"", ""params"": ""temperature, few_shot_count, max_tokens, micro_rules"", ""description"": ""Main JOILang generator block with deterministic JSON-only output and schema-grounded exemplars."", ""placeholders"": ""{command_eng}, {connected_devices}, {service_list_snippet}, {optional_cron}, {optional_period}, {candidate_strategy}""}}, {""id"": ""03"", ""path"": ""/root/llm/JOILang-Server/gpt_mg/version0_15_update20260413/blocks/03_postprocessor.txt"", ""metadata"": {""id"": ""03"", ""role"": ""postprocessor"", ""params"": ""max_tokens, micro_rules"", ""description"": ""Final JOILang output scrubber that enforces JSON shape and strips explanation drift."", ""placeholders"": ""{command_eng}, {connected_devices}, {service_list_snippet}, {optional_cron}, {optional_period}""}}]}]","[""/root/llm/JOILang-Server/gpt_mg/version0_15_update20260413/logs/ga_validation_Qwen_Qwen2.5-Coder-14B-Instruct_gen-016ea579-8fd6-f65f-78f5-12caf55da9da_500845/row_170_cand_1.json""]",ok,7.7157,worker,Qwen/Qwen2.5-Coder-14B-Instruct,blocks,,connected_devices_only,3,skipped_connected_devices_present,hybrid,10,cpu,[],[],,1,0,,[],False,54780,12814,96,12910,5.7803,31.352
