proposal_id,source,mutation_family,operator,target_units,target_block_id,target_block_family,replacement_text,estimated_token_delta,actual_token_delta,risk_score,affected_failure_families,expected_effect,requires_validation,accepted,rejection_reason,rollback_units,generation,parent_genome_id,child_genome_id
accuracy_repair_g002_bf8b961f,det_feedback,accuracy_repair,add_targeted_repair_hint,[],06,DET_Helper,"If code is schema-valid but not target-equivalent, repair receiver coverage, service coverage, dataflow, numeric, and enum grounding.",0,0,0.2,"[""semantic_error""]",accuracy_repair mutation generated by phase-aware scheduler.,True,True,,[],2,gen-e6f98332-8830-5d32-df5c-e9fedd38fc7e,gen-bdd4e724-5407-b1de-8fa2-b132d3152091
compression_g002_b156bfc7,cloudless,compression,merge_duplicate_micro_rules,[],,,,0,0,0.35,[],compression mutation generated by phase-aware scheduler.,True,False,population full before cloudless proposal could be added,[],2,gen-e6f98332-8830-5d32-df5c-e9fedd38fc7e,
