index,category,command_kor,command_eng,gt_raw,connected_devices,gt,row_no,profile,genome_id,genome_seed,run_id,candidate_count,candidates,candidate_metadata,prompt_log_paths,generation_status,generation_total_pipeline_sec,llm_mode,llm_model,prompt_render_mode,prompt_assets_dir,service_list_snippet_source,service_list_device_count,service_list_retrieval_status,service_list_retrieval_mode,service_list_retrieval_topk,service_list_retrieval_device,service_list_retrieval_categories,service_list_retrieval_scores,service_list_retrieval_fallback_reason,generation_call_count,generation_error_count,generation_error_type,generation_error_types,generation_oom_flag,generation_prompt_chars_total,generation_prompt_tokens_total,generation_completion_tokens_total,generation_total_tokens_total,generation_llm_latency_sec,generation_peak_vram_gb
1,5,TV 채널을 7번으로 바꾸고 1시간 뒤에 11번으로 바꿔줘.,Switch the TV to channel 7 and switch to channel 11 after 1 hour.,"{""name"": """", 
""cron"": """", 
""period"": 0, 
""script"": ""\n(#Television).SetChannel(7)\n\ndelay(1 HOUR)\n\n(#Television).SetChannel(11)""}",,"{""name"": """", 
""cron"": """", 
""period"": 0, 
""script"": ""\n(#Television).television_setchannel(7)\n\ndelay(1 HOUR)\n\n(#Television).television_setchannel(11)""}",121,version0_15,gen-af17dfa2-8346-1468-fe4c-138bdd4e7245,157367319,ga_validation_Qwen_Qwen2.5-Coder-14B-Instruct_gen-af17dfa2-8346-1468-fe4c-138bdd4e7245_507334,1,"[""{\""name\"":\""SwitchTVChannel7ThenChannel11After1Hour\"",\""cron\"":\""\"",\""period\"":0,\""code\"":\""(#Television).television_setchannel(7);\\ndelay(1 HOUR);\\n(#Television).television_setchannel(11);\""}""]","[{""candidate_index"": 0, ""strategy"": ""compact_json"", ""prompt_chars"": 187012, ""prompt_tokens"": 40069, ""completion_tokens"": 72, ""total_tokens"": 40141, ""latency_sec"": 14.1478, ""peak_vram_gb"": 39.5022, ""load_sec"": 0.0, ""generate_sec"": 14.0425, ""prompt_prep_sec"": 0.0947, ""decode_sec"": 0.0003, ""worker_pid"": 3506977, ""error_type"": """", ""oom_flag"": false, ""block_manifest"": [{""id"": ""01"", ""path"": ""/root/llm/JOILang-Server/gpt_mg/version0_15_update20260413/blocks/01_preamble.txt"", ""metadata"": {""id"": ""01"", ""role"": ""preprocessor"", ""params"": ""temperature, micro_rules"", ""description"": ""Global deterministic JOILang generation rules and schema-faithful behavior."", ""placeholders"": ""{command_eng}, {connected_devices}, {service_list_snippet}, {optional_cron}, {optional_period}""}}, {""id"": ""02"", ""path"": ""/root/llm/JOILang-Server/gpt_mg/version0_15_update20260413/blocks/generated/02_generator_prompt__category5_manual_rules_20260623_190725.txt"", ""metadata"": {""id"": ""02"", ""role"": ""generator"", ""params"": ""temperature, few_shot_count, max_tokens, micro_rules"", ""description"": ""Main JOILang generator block with deterministic JSON-only output and schema-grounded exemplars."", ""placeholders"": ""{command_eng}, {connected_devices}, {service_list_snippet}, {optional_cron}, {optional_period}, {candidate_strategy}""}}, {""id"": ""03"", ""path"": ""/root/llm/JOILang-Server/gpt_mg/version0_15_update20260413/blocks/03_postprocessor.txt"", ""metadata"": {""id"": ""03"", ""role"": ""postprocessor"", ""params"": ""max_tokens, micro_rules"", ""description"": ""Final JOILang output scrubber that enforces JSON shape and strips explanation drift."", ""placeholders"": ""{command_eng}, {connected_devices}, {service_list_snippet}, {optional_cron}, {optional_period}""}}]}]","[""/root/llm/JOILang-Server/gpt_mg/version0_15_update20260413/logs/ga_validation_Qwen_Qwen2.5-Coder-14B-Instruct_gen-af17dfa2-8346-1468-fe4c-138bdd4e7245_507334/row_121_cand_1.json""]",ok,16.0915,worker,Qwen/Qwen2.5-Coder-14B-Instruct,blocks,,service_schema_fallback,50,disabled,hybrid,10,cpu,[],[],,1,0,,[],False,187012,40069,72,40141,14.1478,39.5022
2,5,에어컨을 냉방 모드로 설정하고 30분 뒤에 자동 모드로 설정해줘.,Set the air conditioner to cool mode and switch to auto mode after 30 minutes.,"{""name"": """", 
""cron"": """", 
""period"": 0, 
""script"": ""\n(#AirConditioner).SetAirConditionerMode(\""cool\"")\n\ndelay(30 MIN)\n\n(#AirConditioner).SetAirConditionerMode(\""auto\"")""}",,"{""name"": """", 
""cron"": """", 
""period"": 0, 
""script"": ""\n(#AirConditioner).airconditioner_setairconditionermode(\""cool\"")\n\ndelay(30 MIN)\n\n(#AirConditioner).airconditioner_setairconditionermode(\""auto\"")""}",122,version0_15,gen-af17dfa2-8346-1468-fe4c-138bdd4e7245,157367319,ga_validation_Qwen_Qwen2.5-Coder-14B-Instruct_gen-af17dfa2-8346-1468-fe4c-138bdd4e7245_507334,1,"[""{\""name\"":\""SetAirConditionerMode\"",\""cron\"":\""\"",\""period\"":0,\""code\"":\""(#AirConditioner).airconditioner_setairconditionermode(\\\""cool\\\""); delay(30 MIN); (#AirConditioner).airconditioner_setairconditionermode(\\\""auto\\\"")\""}""]","[{""candidate_index"": 0, ""strategy"": ""compact_json"", ""prompt_chars"": 187028, ""prompt_tokens"": 40069, ""completion_tokens"": 75, ""total_tokens"": 40144, ""latency_sec"": 14.3042, ""peak_vram_gb"": 39.5022, ""load_sec"": 0.0, ""generate_sec"": 14.1989, ""prompt_prep_sec"": 0.0952, ""decode_sec"": 0.0003, ""worker_pid"": 3506977, ""error_type"": """", ""oom_flag"": false, ""block_manifest"": [{""id"": ""01"", ""path"": ""/root/llm/JOILang-Server/gpt_mg/version0_15_update20260413/blocks/01_preamble.txt"", ""metadata"": {""id"": ""01"", ""role"": ""preprocessor"", ""params"": ""temperature, micro_rules"", ""description"": ""Global deterministic JOILang generation rules and schema-faithful behavior."", ""placeholders"": ""{command_eng}, {connected_devices}, {service_list_snippet}, {optional_cron}, {optional_period}""}}, {""id"": ""02"", ""path"": ""/root/llm/JOILang-Server/gpt_mg/version0_15_update20260413/blocks/generated/02_generator_prompt__category5_manual_rules_20260623_190725.txt"", ""metadata"": {""id"": ""02"", ""role"": ""generator"", ""params"": ""temperature, few_shot_count, max_tokens, micro_rules"", ""description"": ""Main JOILang generator block with deterministic JSON-only output and schema-grounded exemplars."", ""placeholders"": ""{command_eng}, {connected_devices}, {service_list_snippet}, {optional_cron}, {optional_period}, {candidate_strategy}""}}, {""id"": ""03"", ""path"": ""/root/llm/JOILang-Server/gpt_mg/version0_15_update20260413/blocks/03_postprocessor.txt"", ""metadata"": {""id"": ""03"", ""role"": ""postprocessor"", ""params"": ""max_tokens, micro_rules"", ""description"": ""Final JOILang output scrubber that enforces JSON shape and strips explanation drift."", ""placeholders"": ""{command_eng}, {connected_devices}, {service_list_snippet}, {optional_cron}, {optional_period}""}}]}]","[""/root/llm/JOILang-Server/gpt_mg/version0_15_update20260413/logs/ga_validation_Qwen_Qwen2.5-Coder-14B-Instruct_gen-af17dfa2-8346-1468-fe4c-138bdd4e7245_507334/row_122_cand_1.json""]",ok,16.2613,worker,Qwen/Qwen2.5-Coder-14B-Instruct,blocks,,service_schema_fallback,50,disabled,hybrid,10,cpu,[],[],,1,0,,[],False,187028,40069,75,40144,14.3042,39.5022
4,5,에어컨 온도를 24도로 설정하고 1시간 뒤에 26도로 설정해줘.,Set the air conditioner temperature to 24 degrees and change it to 26 degrees after 1 hour.,"{""name"": """", 
""cron"": """", 
""period"": 0, 
""script"": ""\n(#AirConditioner).SetTargetTemperature(24)\n\ndelay(1 HOUR)\n\n(#AirConditioner).SetTargetTemperature(26)""}",,"{""name"": """", 
""cron"": """", 
""period"": 0, 
""script"": ""\n(#AirConditioner).airconditioner_settargettemperature(24)\n\ndelay(1 HOUR)\n\n(#AirConditioner).airconditioner_settargettemperature(26)""}",124,version0_15,gen-af17dfa2-8346-1468-fe4c-138bdd4e7245,157367319,ga_validation_Qwen_Qwen2.5-Coder-14B-Instruct_gen-af17dfa2-8346-1468-fe4c-138bdd4e7245_507334,1,"[""{\""name\"":\""SetAirConditionerTemperature\"",\""cron\"":\""\"",\""period\"":0,\""code\"":\""(#AirConditioner).airconditioner_settargettemperature(24); delay(1 HOUR); (#AirConditioner).airconditioner_settargettemperature(26)\""}""]","[{""candidate_index"": 0, ""strategy"": ""compact_json"", ""prompt_chars"": 187040, ""prompt_tokens"": 40074, ""completion_tokens"": 74, ""total_tokens"": 40148, ""latency_sec"": 14.2384, ""peak_vram_gb"": 39.5036, ""load_sec"": 0.0, ""generate_sec"": 14.1287, ""prompt_prep_sec"": 0.0954, ""decode_sec"": 0.0003, ""worker_pid"": 3506977, ""error_type"": """", ""oom_flag"": false, ""block_manifest"": [{""id"": ""01"", ""path"": ""/root/llm/JOILang-Server/gpt_mg/version0_15_update20260413/blocks/01_preamble.txt"", ""metadata"": {""id"": ""01"", ""role"": ""preprocessor"", ""params"": ""temperature, micro_rules"", ""description"": ""Global deterministic JOILang generation rules and schema-faithful behavior."", ""placeholders"": ""{command_eng}, {connected_devices}, {service_list_snippet}, {optional_cron}, {optional_period}""}}, {""id"": ""02"", ""path"": ""/root/llm/JOILang-Server/gpt_mg/version0_15_update20260413/blocks/generated/02_generator_prompt__category5_manual_rules_20260623_190725.txt"", ""metadata"": {""id"": ""02"", ""role"": ""generator"", ""params"": ""temperature, few_shot_count, max_tokens, micro_rules"", ""description"": ""Main JOILang generator block with deterministic JSON-only output and schema-grounded exemplars."", ""placeholders"": ""{command_eng}, {connected_devices}, {service_list_snippet}, {optional_cron}, {optional_period}, {candidate_strategy}""}}, {""id"": ""03"", ""path"": ""/root/llm/JOILang-Server/gpt_mg/version0_15_update20260413/blocks/03_postprocessor.txt"", ""metadata"": {""id"": ""03"", ""role"": ""postprocessor"", ""params"": ""max_tokens, micro_rules"", ""description"": ""Final JOILang output scrubber that enforces JSON shape and strips explanation drift."", ""placeholders"": ""{command_eng}, {connected_devices}, {service_list_snippet}, {optional_cron}, {optional_period}""}}]}]","[""/root/llm/JOILang-Server/gpt_mg/version0_15_update20260413/logs/ga_validation_Qwen_Qwen2.5-Coder-14B-Instruct_gen-af17dfa2-8346-1468-fe4c-138bdd4e7245_507334/row_124_cand_1.json""]",ok,16.1679,worker,Qwen/Qwen2.5-Coder-14B-Instruct,blocks,,service_schema_fallback,50,disabled,hybrid,10,cpu,[],[],,1,0,,[],False,187040,40074,74,40148,14.2384,39.5036
5,5,오븐 모드를 베이크로 설정하고 10분 뒤에 데우기 모드로 바꿔줘.,Set the oven mode to Bake and change it to warming mode after 10 minutes.,"{""name"": """", 
""cron"": """", 
""period"": 0, 
""script"": ""\n(#Oven).SetOvenMode(\""Bake\"")\n\ndelay(10 MIN)\n\n(#Oven).SetOvenMode(\""warming\"")""}",,"{""name"": """", 
""cron"": """", 
""period"": 0, 
""script"": ""\n(#Oven).oven_setovenmode(\""Bake\"")\n\ndelay(10 MIN)\n\n(#Oven).oven_setovenmode(\""warming\"")""}",125,version0_15,gen-af17dfa2-8346-1468-fe4c-138bdd4e7245,157367319,ga_validation_Qwen_Qwen2.5-Coder-14B-Instruct_gen-af17dfa2-8346-1468-fe4c-138bdd4e7245_507334,1,"[""{\""name\"":\""SetOvenModeToBakeThenWarming\"",\""cron\"":\""\"",\""period\"":0,\""code\"":\""(#Oven).oven_setovenmode(\\\""Bake\\\""); delay(10 MIN); (#Oven).oven_setovenmode(\\\""warming\\\"")\""}""]","[{""candidate_index"": 0, ""strategy"": ""compact_json"", ""prompt_chars"": 187023, ""prompt_tokens"": 40070, ""completion_tokens"": 72, ""total_tokens"": 40142, ""latency_sec"": 14.1246, ""peak_vram_gb"": 39.5025, ""load_sec"": 0.0, ""generate_sec"": 14.0186, ""prompt_prep_sec"": 0.0957, ""decode_sec"": 0.0003, ""worker_pid"": 3506977, ""error_type"": """", ""oom_flag"": false, ""block_manifest"": [{""id"": ""01"", ""path"": ""/root/llm/JOILang-Server/gpt_mg/version0_15_update20260413/blocks/01_preamble.txt"", ""metadata"": {""id"": ""01"", ""role"": ""preprocessor"", ""params"": ""temperature, micro_rules"", ""description"": ""Global deterministic JOILang generation rules and schema-faithful behavior."", ""placeholders"": ""{command_eng}, {connected_devices}, {service_list_snippet}, {optional_cron}, {optional_period}""}}, {""id"": ""02"", ""path"": ""/root/llm/JOILang-Server/gpt_mg/version0_15_update20260413/blocks/generated/02_generator_prompt__category5_manual_rules_20260623_190725.txt"", ""metadata"": {""id"": ""02"", ""role"": ""generator"", ""params"": ""temperature, few_shot_count, max_tokens, micro_rules"", ""description"": ""Main JOILang generator block with deterministic JSON-only output and schema-grounded exemplars."", ""placeholders"": ""{command_eng}, {connected_devices}, {service_list_snippet}, {optional_cron}, {optional_period}, {candidate_strategy}""}}, {""id"": ""03"", ""path"": ""/root/llm/JOILang-Server/gpt_mg/version0_15_update20260413/blocks/03_postprocessor.txt"", ""metadata"": {""id"": ""03"", ""role"": ""postprocessor"", ""params"": ""max_tokens, micro_rules"", ""description"": ""Final JOILang output scrubber that enforces JSON shape and strips explanation drift."", ""placeholders"": ""{command_eng}, {connected_devices}, {service_list_snippet}, {optional_cron}, {optional_period}""}}]}]","[""/root/llm/JOILang-Server/gpt_mg/version0_15_update20260413/logs/ga_validation_Qwen_Qwen2.5-Coder-14B-Instruct_gen-af17dfa2-8346-1468-fe4c-138bdd4e7245_507334/row_125_cand_1.json""]",ok,16.0445,worker,Qwen/Qwen2.5-Coder-14B-Instruct,blocks,,service_schema_fallback,50,disabled,hybrid,10,cpu,[],[],,1,0,,[],False,187023,40070,72,40142,14.1246,39.5025
